((("root" .
   [2 0 0 0])
  ("trie" .
   [8 0 0 0])
  ("INF" .
   [4 0 0])
  ("KMP" .
   [1 0 0])
  ("istream" .
   [0 0 1 0 0 0 0])
  ("str1" .
   [2 0 0 0])
  ("life" .
   [14 0 2 4])
  ("line" .
   [0 0 2 0])
  ("same" .
   [2 0 0 1])
  ("rand" .
   [3 0 0 0])
  ("next_y" .
   [0 0 0 0 1 0])
  ("next_x" .
   [0 0 0 0 1 0])
  ("DIR_UP" .
   [0 0 0 1 0 0])
  ("dir" .
   [11 0 0])
  ("step" .
   [7 0 0 0])
  ("push" .
   [0 0 0 1])
  ("try" .
   [0 0 2])
  ("glFlush" .
   [0 0 0 3 0 0 0])
  ("state" .
   [6 0 0 5 4])
  ("DIR_LEFT" .
   [1 0 0 0 0 1 0 0])
  ("DrawRectangle" .
   [0 0 0 0 0 1 0 0 0 0 0 0 0])
  ("tt2" .
   [4 0 0])
  ("GetRealPoint" .
   [1 0 5 0 0 0 0 0 0 0 0 0])
  ("pacman" .
   [0 0 2 15 1 8])
  ("pt" .
   [2 0])
  ("DrawGhost" .
   [0 0 0 0 2 1 0 0 0])
  ("glEnd" .
   [0 0 0 2 1])
  ("sin" .
   [7 0 0])
  ("cos" .
   [6 0 0])
  ("glVertex3f" .
   [0 0 4 7 0 0 0 0 0 5])
  ("GL_POLYGON" .
   [0 0 1 2 1 0 0 0 0 0])
  ("glBegin" .
   [1 0 0 0 1 0 3])
  ("tt_mid" .
   [0 0 5 2 0 0])
  ("M_PI" .
   [2 0 10 0])
  ("ftheta" .
   [1 0 5 0 0 0])
  ("orient" .
   [0 0 0 2 0 0])
  ("theta" .
   [2 0 0 0 0])
  ("radius" .
   [5 0 14 2 1 4])
  ("DrawCircle" .
   [0 0 2 0 0 2 0 0 0 2])
  ("throw" .
   [0 0 0 0 1])
  ("cstdio" .
   [1 0 0 0 0 0])
  ("tag" .
   [3 0 0])
  ("node3" .
   [5 0 0 0 0])
  ("node2" .
   [14 0 0 0 0])
  ("node1" .
   [16 0 0 0 0])
  ("left" .
   [1 0 0 3])
  ("down" .
   [0 0 0 5])
  ("right" .
   [1 0 7 2 0])
  ("which" .
   [2 0 0 1 0])
  ("money" .
   [0 0 0 2 0])
  ("array" .
   [0 0 0 1 0])
  ("cmp2" .
   [2 0 0 0])
  ("const" .
   [0 0 0 0 3])
  ("cstdlib" .
   [3 0 0 0 0 1 0])
  ("time.h" .
   [1 0 0 1 0 0])
  ("pre" .
   [1 0 0])
  ("prev" .
   [50 0 0 0])
  ("delete" .
   [0 0 0 1 2 0])
  ("NULL" .
   [12 0 0 0])
  ("head" .
   [13 0 0 1])
  ("next" .
   [40 0 3 2])
  ("Node" .
   [9 0 1 0])
  ("data" .
   [13 0 0 0])
  ("push_front" .
   [1 0 0 1 0 0 0 0 0 0])
  ("pow" .
   [1 0 0])
  ("cstring" .
   [8 1 0 0 5 0 2])
  ("cstd" .
   [0 0 0 3])
  ("c++/" .
   [1 0 0 0])
  ("cnt" .
   [2 0 0])
  ("HighSum" .
   [0 0 0 0 0 0 3])
  ("HighSize" .
   [0 0 4 1 0 0 1 0])
  ("IsHigh" .
   [0 0 7 0 1 0])
  ("SqrN" .
   [1 0 1 0])
  ("algorithm" .
   [1 0 0 1 0 0 0 0 4])
  ("findMaxPos" .
   [0 0 0 0 2 0 0 0 0 0])
  ("arr" .
   [9 0 0])
  ("used" .
   [1 0 0 0])
  ("point" .
   [4 0 0 1 0])
  ("strlen" .
   [3 0 0 3 1 0])
  ("FastInput" .
   [0 0 1 0 0 0 0 0 0])
  ("password" .
   [0 0 0 0 1 0 0 0])
  ("tags" .
   [24 0 5 1])
  ("_FastInput" .
   [0 0 6 3 0 1 0 0 0 0])
  ("Sum" .
   [2 0 0])
  ("query" .
   [1 0 0 6 0])
  ("update" .
   [1 0 4 2 0 0])
  ("build" .
   [8 0 1 5 0])
  ("len_B" .
   [3 0 0 0 1])
  ("len_A" .
   [4 0 0 0 0])
  ("tmpd" .
   [1 0 0 0])
  ("tmpc" .
   [1 0 0 0])
  ("tmpi" .
   [1 0 0 0])
  ("score" .
   [8 0 6 3 2])
  ("name" .
   [18 1 0 0])
  ("students" .
   [4 0 5 31 0 2 0 0])
  ("Student" .
   [0 0 0 8 0 6 1])
  ("sizeOfStudents" .
   [0 0 0 0 1 3 0 0 0 0 0 0 0 0])
  ("ball" .
   [1 0 0 0])
  ("TheEnd" .
   [0 0 0 1 0 0])
  ("EndGame" .
   [0 0 0 2 0 0 0])
  ("in" .
   [14 0])
  ("To_problem" .
   [1 0 4 3 0 0 0 0 0 0])
  ("problem" .
   [0 0 0 1 0 0 0])
  ("ios" .
   [8 0 1])
  ("choose" .
   [5 0 0 0 1 0])
  ("char" .
   [0 0 1 0])
  ("close" .
   [4 0 0 0 0])
  ("eof" .
   [4 0 0])
  ("open" .
   [12 0 0 0])
  ("fstream" .
   [1 1 2 1 1 0 0])
  ("game_start" .
   [1 0 0 0 2 0 0 0 0 0])
  ("system" .
   [1 0 0 0 0 0])
  ("clear_screen" .
   [0 0 0 0 1 0 0 0 0 0 0 0])
  ("fi" .
   [2 0])
  ("no_solution" .
   [0 0 0 2 0 1 0 0 0 0 0])
  ("empty_2" .
   [3 0 0 0 0 0 0])
  ("solve" .
   [1 0 0 1 0])
  ("pour_1_to_2" .
   [0 0 3 1 0 0 0 0 0 0 0])
  ("empty_1" .
   [0 0 0 5 0 1 0])
  ("fill_2" .
   [3 0 0 0 0 0])
  ("fill_1" .
   [5 0 0 0 0 0])
  ("verify" .
   [0 0 0 3 2 0])
  ("gcd" .
   [1 0 0])
  ("yes" .
   [13 0 0])
  ("ch" .
   [2 0])
  ("time" .
   [7 0 0 0])
  ("min" .
   [21 0 0])
  ("ball_y" .
   [0 0 0 0 0 1])
  ("false" .
   [0 0 2 3 0])
  ("Init" .
   [3 0 0 0])
  ("case" .
   [0 0 2 0])
  ("switch" .
   [0 0 0 3 1 0])
  ("turn_B" .
   [3 0 0 0 0 0])
  ("turn_F" .
   [3 0 0 0 0 0])
  ("ball_x" .
   [0 0 0 0 2 0])
  ("return" .
   [0 0 6 17 9 35])
  ("block_cnt" .
   [1 0 0 4 0 0 0 0 0])
  ("turn_D" .
   [8 0 0 0 0 0])
  ("tmp2" .
   [13 0 0 0])
  ("tc" .
   [2 0])
  ("tcmp" .
   [47 0 0 0])
  ("inc" .
   [0 1 18])
  ("tmp" .
   [146 0 0])
  ("cube" .
   [46 0 10 1])
  ("struct" .
   [0 0 0 2 4 1])
  ("ans_2" .
   [3 0 0 0 0])
  ("sqrt" .
   [3 0 1 0])
  ("elements" .
   [0 0 0 3 0 0 0 0])
  ("sizeOfElement" .
   [0 0 0 0 1 0 0 0 0 0 0 0 0])
  ("count" .
   [65 0 0 0 0])
  ("ans" .
   [86 0 0])
  ("using" .
   [3 2 0 0 71])
  ("len" .
   [48 0 0])
  ("color" .
   [2 0 0 3 1])
  ("sort" .
   [10 0 0 0])
  ("push_back" .
   [2 0 0 0 3 0 0 0 0])
  ("has" .
   [9 0 0])
  ("si" .
   [4 0])
  ("t" .
   [58])
  ("vector" .
   [19 0 0 0 1 1])
  ("S_Size" .
   [0 0 1 1 0 0])
  ("include" .
   [1 0 1 1 21 3 67])
  ("sum" .
   [118 0 0])
  ("ptr" .
   [33 0 0])
  ("st" .
   [32 0])
  ("Set" .
   [11 0 5])
  ("pos" .
   [3 0 0])
  ("neg" .
   [2 0 0])
  ("bigin" .
   [1 0 0 0 0])
  ("iterator" .
   [2 0 2 3 4 0 0 0])
  ("erase" .
   [3 0 0 0 0])
  ("front" .
   [3 0 2 0 12])
  ("begin" .
   [10 0 3 1 0])
  ("pop_front" .
   [2 0 1 1 2 0 0 0 0])
  ("beginend" .
   [0 0 0 0 0 1 0 0])
  ("empty" .
   [3 0 2 10 0])
  ("f" .
   [144])
  ("cout" .
   [379 1 1 1])
  ("Size" .
   [79 1 0 0])
  ("define" .
   [0 0 6 8 7 36])
  ("list" .
   [14 0 0 0])
  ("main" .
   [112 0 0 10])
  ("std" .
   [114 0 0])
  ("namespace" .
   [0 1 50 31 7 1 4 7 4])
  ("cin" .
   [276 1 0])
  ("color-theme-pok-wob" .
   [1 0 0 0 0 0 0 0 0 0 0 0 0 0 1 0 0 0 0])
  ("nil" .
   [1 0 0])
  ("disable-theme" .
   [0 0 0 0 0 0 1 0 0 0 0 0 0])
  ("erase-buffer" .
   [0 0 0 1 0 0 0 0 0 0 0 0])
  ("put" .
   [1 0 0])
  ("color-theme-initialize" .
   [0 0 0 0 0 0 0 0 0 0 0 0 0 0 0 0 1 0 0 0 0 0])
  ("progn" .
   [1 0 0 0 0])
  ("eval-after-load" .
   [0 0 0 0 0 0 1 0 0 0 0 0 0 0 0])
  ("eval" .
   [0 0 1 0])
  ("v" .
   [2])
  ("color-theme" .
   [0 0 1 1 1 0 0 0 0 0 1])
  ("bits/" .
   [0 0 1 0 0])
  ("iostream" .
   [15 2 3 1 0 0 0 53])
  ("c-mode-hook" .
   [0 0 0 0 1 0 0 0 0 0 0])
  ("my:ac-c-header-init" .
   [0 0 2 0 0 0 0 0 0 0 0 0 0 0 0 0 0 0 0])
  ("c++-mode-hook" .
   [0 0 0 0 1 0 0 0 0 0 0 0 0])
  ("add-hook" .
   [0 0 0 0 2 0 0 0])
  ("ac-sources" .
   [0 0 0 0 0 1 0 1 0 0])
  ("add-to-list" .
   [0 0 0 0 0 0 0 1 0 1 0])
  ("auto-complete-c-headers" .
   [0 0 0 0 0 0 0 0 0 0 0 0 0 0 0 0 1 0 0 0 0 0 0])
  ("auto-complete" .
   [0 0 0 0 0 0 0 0 1 0 0 0 0])
  ("defun" .
   [0 0 0 0 1])
  ("yas-global-mode" .
   [0 0 0 0 0 1 0 0 0 0 0 0 0 0 0])
  ("yasnippet" .
   [0 0 1 0 0 0 0 0 0])
  ("require" .
   [0 0 2 1 0 0 0])
  ("vec" .
   [19 0 3])
  ("color-theme-pok-wog" .
   [1 0 0 0 0 0 0 0 0 0 0 0 0 0 0 0 0 0 0])
  ("endl" .
   [142 0 0 0])
  ("node" .
   [140 0 2 3])
  ("void" .
   [0 0 1 0])
  ("mid" .
   [42 0 0])
  ("dfs" .
   [20 0 0])
  ("map" .
   [71 0 0])
  ("string" .
   [13 0 0 0 0 0])
  ("ms" .
   [2 0])
  ("set" .
   [2 0 0])
  ("printf" .
   [16 0 0 0 0 2])
  ("first" .
   [4 0 3 6 3])
  ("LL" .
   [8 0])
  ("five" .
   [1 0 0 0])
  ("end" .
   [33 0 0])
  ("Map" .
   [8 0 0])
  ("default" .
   [0 0 0 0 1 0 0])
  ("max" .
   [50 0 0])
  ("getline" .
   [1 0 2 2 0 0 0])
  ("sum_a" .
   [3 0 0 1 0])
  ("sum_b" .
   [2 0 0 1 0])
  ("Cube" .
   [11 0 70 12])
  ("sizeof" .
   [0 0 7 1 8 1])
  ("memset" .
   [8 0 0 3 1 1])
  ("swap" .
   [15 0 0 0])
  ("turn_U" .
   [4 0 0 1 0 2])
  ("turn_R" .
   [10 0 0 0 0 0])
  ("turn_L" .
   [5 0 0 1 0 0])
  ("IsInBox" .
   [1 0 2 0 1 0 0])
  ("bar_x" .
   [0 0 1 0 0])
  ("bar_y" .
   [1 0 1 0 0])
  ("bar_width" .
   [0 0 0 1 0 0 0 0 0])
  ("bar_height" .
   [0 0 1 1 0 0 0 0 0 0])
  ("block_x" .
   [3 0 1 15 1 0 0])
  ("block_y" .
   [4 0 0 2 0 0 0])
  ("block_width" .
   [0 0 1 0 1 1 1 0 0 0 0])
  ("block_height" .
   [0 0 0 2 0 0 2 0 0 0 0 0])
  ("box" .
   [8 0 0])
  ("parent" .
   [0 0 0 1 0 0])
  ("continue" .
   [1 0 0 6 3 5 0 1])
  ("ball_vx" .
   [0 0 0 0 0 1 0])
  ("ball_vy" .
   [0 0 0 0 0 1 0])
  ("includeM" .
   [1 0 0 0 0 0 0 0])
  ("tree_policy" .
   [0 0 0 1 3 0 0 0 0 0 0])
  ("typedef" .
   [0 0 0 0 0 0 1])
  ("tree" .
   [14 0 0 0])
  ("__set" .
   [0 0 0 1 0])
  ("multiset" .
   [0 0 1 2 1 0 0 0])
  ("mst" .
   [9 0 0])
  ("iter" .
   [1 0 0 0])
  ("size" .
   [23 0 0 0])
  ("pr" .
   [17 0])
  ("second" .
   [0 0 3 0 0 0])
  ("priority_queue" .
   [0 0 0 0 0 1 0 0 0 0 0 0 0 0])
  ("num" .
   [10 0 0])
  ("factor" .
   [1 0 0 1 1 0])
  ("frequency" .
   [0 0 0 4 0 0 0 0 0])
  ("order" .
   [5 0 0 0 0])
  ("index" .
   [45 0 0 13 5])
  ("move_station_1_to_2" .
   [0 0 0 0 3 1 0 0 0 0 0 0 0 0 0 0 0 0 0])
  ("pop_train" .
   [0 0 0 1 3 0 0 0 0])
  ("total" .
   [2 0 3 3 0])
  ("GAME_STATE_WIN" .
   [0 0 0 0 0 0 1 0 0 0 0 0 0 0])
  ("GAME_STATE_WAIT" .
   [1 0 1 1 0 0 0 0 0 0 0 0 0 0 0])
  ("game_state" .
   [0 0 0 0 0 1 1 0 0 0])
  ("wid" .
   [2 0 0])
  ("glColor3f" .
   [1 0 1 3 3 1 0 0 1])
  ("float" .
   [0 0 2 5 14])
  ("glRasterPos2f" .
   [0 0 0 1 2 0 0 0 0 0 0 0 0])
  ("GLfloat" .
   [0 0 2 0 0 0 0])
  ("glutBitmapCharacter" .
   [0 0 0 5 2 1 1 0 0 0 0 0 0 0 0 0 0 0 0])
  ("GLUT_BITMAP_TIMES_ROMAN_24" .
   [0 0 2 3 4 0 0 0 0 0 0 0 0 0 0 0 0 0 0 0 0 0 0 0 0 0])
  ("usleep" .
   [0 0 0 1 0 0])
  ("GAME_STATE_PLAY" .
   [0 0 0 0 0 0 0 0 0 0 0 0 0 1 0])
  ("io" .
   [2 0])
  ("ostream" .
   [1 0 0 0 0 0 0])
  ("can" .
   [8 0 0])
  ("ca" .
   [5 0])
  ("Max" .
   [22 0 0])
  ("pour" .
   [15 0 0 0])
  ("file" .
   [32 0 0 0])
  ("str" .
   [22 0 0])
  ("start" .
   [1 0 0 0 0])
  ("Mod" .
   [1 0 0])
  ("len1" .
   [5 0 0 0])
  ("len2" .
   [9 0 0 1])
  ("Ball" .
   [1 0 0 0])
  ("mark" .
   [16 0 0 1])
  ("father" .
   [25 0 8 9 4 5])
  ("find_root" .
   [0 0 1 4 8 1 0 0 0])
  ("union" .
   [0 0 0 1 0])
  ("same_group" .
   [0 0 2 0 0 0 0 0 0 0])
  ("depth" .
   [13 0 18 19 0])
  ("_union" .
   [1 0 0 0 0 0])
  ("_FastOutput" .
   [0 0 2 1 0 0 1 0 0 0 0])
  ("child" .
   [32 0 0 0 2])
  ("Stu" .
   [8 0 0])
  ("stu" .
   [8 0 0])
  ("angle" .
   [0 0 8 9 1])
  ("change" .
   [5 0 0 0 2 0])
  ("init" .
   [4 0 0 1])
  ("find" .
   [11 0 0 0])
  ("s1" .
   [9 0])
  ("s2" .
   [15 0])
  ("ptrs" .
   [4 0 1 0])
  ("clear" .
   [1 0 0 0 0])
  ("strcmp" .
   [2 0 0 0 0 0])
  ("flag" .
   [2 0 1 2])
  ("sum1" .
   [2 0 0 0])
  ("sum2" .
   [2 0 0 0])
  ("mp" .
   [4 0])
  ("mx" .
   [2 0])
  ("my" .
   [2 0])
  ("insert" .
   [1 0 0 0 1 0])
  ("math.h" .
   [1 0 0 0 0 0])
  ("Prime" .
   [4 0 0 0 0])
  ("ct" .
   [1 0])
  ("IsPrime" .
   [0 0 6 1 0 0 0])
  ("shape" .
   [4 0 0 1 1])
  ("sp" .
   [7 0])
  ("cmp" .
   [2 0 0])
  ("lower_bit" .
   [0 0 0 1 0 0 0 0 0])
  ("turn" .
   [3 0 2 0])
  ("back" .
   [13 0 10 0])
  ("Mid" .
   [6 0 0])
  ("ghost" .
   [8 0 59 2 1])
  ("tt" .
   [7 0])
  ("pt2" .
   [2 0 0])
  ("while" .
   [0 0 0 1 0])
  ("white" .
   [2 0 0 0 0])
  ("nx2" .
   [1 0 0])
  ("str2" .
   [5 0 0 0])
  ("fail" .
   [8 0 0 0])))
